922 1903 952 1933 279
730 1903 760 1933 280
1531 1891 1561 1921 279
1382 1891 1412 1921 282
720 1656 750 1686 280
1370 1648 1400 1678 280
1520 1647 1550 1677 285
730 1520 760 1550 287
1360 1513 1390 1543 287
1511 1513 1541 1543 279
740 1385 770 1415 280
880 1384 910 1414 279
1370 1380 1400 1410 280
1520 1379 1550 1409 285
1382 1127 1412 1157 276
752 1126 782 1156 290
1339 902 1369 932 285
1531 902 1561 932 280
901 899 931 929 284
709 899 739 929 288
1349 750 1379 780 280
730 652 760 682 280
1360 625 1390 655 285
1349 503 1379 533 280
730 434 760 464 287
922 434 952 464 285
1552 379 1582 409 285
1360 378 1390 408 286
