[ 558.  837.  588.  867.  434.]
[ 589.  955.  619.  985.  440.]
[  568.  1075.   598.  1105.   439.]
[  557.  1195.   587.  1225.   437.]
[  568.  1342.   598.  1372.   439.]
[  547.  1461.   577.  1491.   438.]
[  568.  1581.   598.  1611.   439.]
[  589.  1700.   619.  1730.   438.]
[  588.  1846.   618.  1896.   485.]

[ 1161.   804.  1191.   834.   434.]
[ 1192.   928.  1222.   958.   440.]
[ 1171.  1053.  1201.  1083.   438.]
[ 1161.  1178.  1191.  1208.   434.]
[ 1151.  1330.  1181.  1360.   438.]
[ 1161.  1456.  1191.  1486.   434.]
[ 1171.  1580.  1201.  1610.   438.]
[ 1192.  1705.  1222.  1735.   440.]
[ 1191.  1856.  1221.  1906.   484.]

[ 1754.   795.  1784.   825.   439.]
[ 1754.   918.  1784.   948.   439.]
[ 1765.  1042.  1795.  1072.   434.]
[ 1754.  1164.  1784.  1194.   439.]
[ 1764.  1836.  1794.  1866.   439.]
[ 1796.  1958.  1826.  1988.   435.]
[ 1764.  2081.  1794.  2111.   438.]
[ 1796.  2203.  1826.  2233.   440.]

[ 2368.   633.  2398.   663.   434.]
[ 2399.   715.  2429.   745.   440.]
[ 2379.   797.  2409.   827.   440.]
[ 2368.   880.  2398.   910.   434.]
[ 2358.   989.  2388.  1019.   438.]
[ 2368.  1072.  2398.  1102.   434.]
[ 2379.  1154.  2409.  1184.   440.]
[ 2399.  1236.  2429.  1266.   440.]
[ 2398.  1344.  2428.  1394.   485.]
[ 2358.  1997.  2388.  2027.   438.]
[ 2358.  2080.  2388.  2110.   439.]
[ 2368.  2163.  2398.  2193.   434.]
[ 2358.  2244.  2388.  2274.   439.]

[ 2972.   630.  3002.   660.   434.]
[ 3003.   712.  3033.   742.   434.]
[ 2972.   793.  3002.   823.   434.]
[ 3003.   874.  3033.   904.   440.]
[ 2971.  1338.  3001.  1368.   437.]
[ 3003.  1418.  3033.  1448.   440.]
[ 2982.  1500.  3012.  1530.   439.]
[ 2972.  1582.  3002.  1612.   434.]
[ 2961.  1691.  2991.  1721.   438.]
[ 2971.  1773.  3001.  1803.   437.]
[ 2982.  1853.  3012.  1883.   436.]
[ 3003.  1935.  3033.  1965.   440.]
[ 3002.  2042.  3032.  2092.   484.]

