[ 723.  350.  753.  380.  439.]
[ 754.  465.  784.  495.  434.]
[ 733.  579.  763.  609.  437.]
[ 723.  693.  753.  723.  439.]
[  754.  1856.   784.  1886.   434.]
[  754.  1974.   784.  2004.   434.]
[  754.  2092.   784.  2122.   434.]
[  754.  2209.   784.  2239.   434.]

[ 1326.   296.  1356.   326.   438.]
[ 1357.   416.  1387.   446.   437.]
[ 1337.   535.  1367.   565.   436.]
[ 1326.   655.  1356.   685.   438.]
[ 1357.  1865.  1387.  1895.   437.]
[ 1357.  1993.  1387.  2023.   437.]
[ 1357.  2121.  1387.  2151.   291.]

[ 1919.   297.  1949.   327.   434.]
[ 1919.   415.  1949.   445.   434.]
[ 1930.   532.  1960.   562.   439.]
[ 1919.   650.  1949.   680.   434.]
[ 1930.  1315.  1960.  1345.   439.]
[ 1961.  1439.  1991.  1469.   434.]
[ 1930.  1561.  1960.  1591.   439.]
[ 1961.  1685.  1991.  1715.   434.]

[ 2534.   296.  2564.   326.   440.]
[ 2564.   374.  2594.   404.   438.]
[ 2544.   450.  2574.   480.   437.]
[ 2534.   527.  2564.   557.   440.]
[ 2523.  1353.  2553.  1383.   294.]
[ 2565.  1353.  2595.  1383.   295.]
[ 2523.  1483.  2553.  1513.   294.]
[ 2565.  1483.  2595.  1513.   295.]
[ 2523.  1641.  2553.  1671.   437.]
[ 2523.  1723.  2553.  1753.   437.]
[ 2534.  1805.  2564.  1835.   440.]
[ 2523.  1887.  2553.  1917.   437.]

[ 3137.   301.  3167.   331.   438.]
[ 3168.   377.  3198.   407.   434.]
[ 3137.   451.  3167.   481.   439.]
[ 3168.   527.  3198.   557.   434.]
[ 3137.   983.  3167.  1013.   439.]
[ 3168.  1065.  3198.  1095.   434.]
[ 3147.  1146.  3177.  1176.   437.]
[ 3137.  1227.  3167.  1257.   438.]
[ 3127.  2052.  3157.  2082.   295.]
[ 3168.  2052.  3198.  2082.   295.]
[ 3127.  2180.  3157.  2210.   294.]
[ 3168.  2180.  3198.  2210.   295.]

