2358 2245 2388 2275 433
753 2209 783 2239 433
1796 2204 1826 2234 432
2368 2163 2398 2193 434
753 2092 783 2122 433
2358 2081 2388 2111 433
1764 2081 1794 2111 438
2358 1998 2388 2028 432
1356 1994 1386 2024 433
753 1974 783 2004 433
1796 1958 1826 1988 435
3002 1936 3032 1966 431
2523 1888 2553 1918 432
1357 1866 1387 1896 433
753 1856 783 1886 433
2982 1854 3012 1884 432
1765 1836 1795 1866 434
2534 1805 2564 1835 440
2972 1773 3002 1803 434
2523 1724 2553 1754 432
1192 1706 1222 1736 433
589 1701 619 1731 432
2961 1692 2991 1722 433
1961 1685 1991 1715 434
2523 1642 2553 1672 432
568 1582 598 1612 433
2971 1582 3001 1612 437
1171 1581 1201 1611 433
1930 1561 1960 1591 439
2982 1501 3012 1531 433
547 1462 577 1492 432
1161 1456 1191 1486 434
1960 1439 1990 1469 433
3003 1419 3033 1449 432
568 1343 598 1373 433
2971 1338 3001 1368 437
1151 1331 1181 1361 432
1930 1315 1960 1345 439
2399 1237 2429 1267 433
3137 1227 3167 1257 438
557 1195 587 1225 437
1160 1178 1190 1208 433
1754 1165 1784 1195 433
2379 1155 2409 1185 433
3147 1147 3177 1177 431
568 1076 598 1106 433
2367 1072 2397 1102 433
3168 1065 3198 1095 434
1171 1054 1201 1084 433
1765 1042 1795 1072 434
2358 990 2388 1020 432
3137 983 3167 1013 439
589 956 619 986 433
1191 929 1221 959 431
1754 919 1784 949 433
2368 880 2398 910 434
3002 875 3032 905 431
558 837 588 867 434
1160 804 1190 834 433
2378 798 2408 828 431
1754 796 1784 826 432
2971 793 3001 823 437
2399 716 2429 746 433
3002 712 3032 742 431
723 693 753 723 439
1326 655 1356 685 438
1919 650 1949 680 434
2368 633 2398 663 434
2971 630 3001 660 437
733 580 763 610 432
1337 536 1367 566 431
1930 532 1960 562 439
2534 527 2564 557 440
3168 527 3198 557 434
753 465 783 495 433
2544 451 2574 481 432
3137 451 3167 481 439
1357 417 1387 447 433
1919 415 1949 445 434
3167 377 3197 407 433
2565 374 2595 404 434
723 350 753 380 439
3137 301 3167 331 438
1919 297 1949 327 434
1326 296 1356 326 438
2534 296 2564 326 440
