723 350 753 380 439
754 465 784 495 434
558 837 588 867 434
733 579 763 609 437
723 693 753 723 439
589 955 619 985 440
568 1075 598 1105 439
557 1195 587 1225 437
568 1342 598 1372 439
547 1461 577 1491 438
1326 296 1356 326 438
568 1581 598 1611 439
1357 416 1387 446 437
1337 535 1367 565 436
1161 804 1191 834 434
589 1700 619 1730 438
1326 655 1356 685 438
1192 928 1222 958 440
588 1846 618 1896 485
1171 1053 1201 1083 438
1161 1178 1191 1208 434
754 1856 784 1886 434
1151 1330 1181 1360 438
754 1974 784 2004 434
1919 297 1949 327 434
1161 1456 1191 1486 434
754 2092 784 2122 434
1919 415 1949 445 434
1171 1580 1201 1610 438
754 2209 784 2239 434
1754 795 1784 825 439
1930 532 1960 562 439
1192 1705 1222 1735 440
1919 650 1949 680 434
1754 918 1784 948 439
1191 1856 1221 1906 484
1765 1042 1795 1072 434
1754 1164 1784 1194 439
1357 1865 1387 1895 437
1357 1993 1387 2023 437
2534 296 2564 326 440
1357 2121 1387 2151 291
2368 633 2398 663 434
1930 1315 1960 1345 439
2564 374 2594 404 438
2544 450 2574 480 437
2399 715 2429 745 440
2534 527 2564 557 440
2379 797 2409 827 440
1961 1439 1991 1469 434
2368 880 2398 910 434
1930 1561 1960 1591 439
1764 1836 1794 1866 439
2358 989 2388 1019 438
2368 1072 2398 1102 434
1961 1685 1991 1715 434
1796 1958 1826 1988 435
2379 1154 2409 1184 440
1764 2081 1794 2111 438
2399 1236 2429 1266 440
1796 2203 1826 2233 440
2398 1344 2428 1394 485
3137 301 3167 331 438
2972 630 3002 660 434
3168 377 3198 407 434
2523 1353 2553 1383 294
3137 451 3167 481 439
2565 1353 2595 1383 295
3003 712 3033 742 434
2972 793 3002 823 434
2523 1483 2553 1513 294
3168 527 3198 557 434
2565 1483 2595 1513 295
3003 874 3033 904 440
2523 1641 2553 1671 437
2523 1723 2553 1753 437
2358 1997 2388 2027 438
2534 1805 2564 1835 440
2358 2080 2388 2110 439
2523 1887 2553 1917 437
3137 983 3167 1013 439
2368 2163 2398 2193 434
2358 2244 2388 2274 439
2971 1338 3001 1368 437
3168 1065 3198 1095 434
3147 1146 3177 1176 437
3003 1418 3033 1448 440
3137 1227 3167 1257 438
2982 1500 3012 1530 439
2972 1582 3002 1612 434
2961 1691 2991 1721 438
2971 1773 3001 1803 437
2982 1853 3012 1883 436
3003 1935 3033 1965 440
3002 2042 3032 2092 484
3127 2052 3157 2082 295
3168 2052 3198 2082 295
3127 2180 3157 2210 294
3168 2180 3198 2210 295
